# Ground truth for ArUco tags in the simulation

tag0: [0,0,0]
tag1: [0,0,0]
tag2: [0,0,0]
tag3: [0,0,0]
tag4: [0,0,0]
tag5: [0,0,0]
tag6: [0,0,0]
tag7: [0,0,0]
tag8: [0,0,0]
tag9: [0,0,0]
tag10: [-0.2616795438991121, 0.1919226890399267, 0.07630005768013359]
tag11: [0.2780730882466249, -0.57293186613608, 0.31963647172749954]
tag12: [-0.1555648169032302, -0.19931244556156588, 0.4005573345790333]
tag13: [-0.10742512858726849, -0.4265783484270588, -0.2311555599792762]
tag14: [-0.18486084086289675, -0.2587494168947003, 0.14081605028317665]