# Ground truth for ArUco tags in the simulation

tag1: [0.04745047173133719,-0.40242511475185244,0.4768918167890712]
tag2: [-0.05015017254201934, -0.3937490172360404, 0.48781287681481766]
tag3: [0.05670356052736243, -0.24194544222865516, 0.4689460311202763]
tag4: [-0.057966503389973834, -0.22260021060747387, 0.4739297455775026]
tag5: [0,0,0]
tag6: [0,0,0]
tag7: [0,0,0]
tag8: [0,0,0]
tag9: [0,0,0]
tag10: [-0.2616795438991121, 0.1919226890399267, 0.07630005768013359]
tag11: [0.2780730882466249, -0.57293186613608, 0.31963647172749954]
tag12: [-0.1555648169032302, -0.19931244556156588, 0.4005573345790333]
tag13: [-0.10742512858726849, -0.4265783484270588, -0.2311555599792762]
tag14: [-0.18486084086289675, -0.2587494168947003, 0.14081605028317665]
